100
0 311 801 1165 1208 1636 2623 3320 3762 4886 6300 6779 9985 239 576 1511 1844
1 2850 3152 3209 4019 5290 6209 6299 6916 7188 8991 9509 9535 276 1644 2096 2456
2 3541 3614 3745 4287 4449 5027 5263 5340 6038 6443 7093 7845 7957 8468 9932 124
3 1213 1712 2117 2568 2893 3343 4120 4727 5327 5584 7312 7599 7625 8086 8428 9071
4 950 1240 1331 2719 4679 5706 6026 6441 7102 7321 8004 9153 9376 9944 452 889
5 1563 1633 3324 3438 4027 4091 4902 5792 6541 6914 6938 6942 7327 8181 8377 8797
6 430 588 936 1203 1619 1982 2165 5733 6176 6504 6564 6970 7386 8230 8387 8551
7 9057 9110 9123 9466 169 1318 1374 1662 1842 2237 3436 3589 3736 5719 6727 6766
8 6820 8191 1234 2934 3593 3740 3993 4692 5006 5915 6804 7065 7159 7899 94 1071
9 1837 2828 2938 3808 4057 4058 4862 6935 9556 9922 586 1574 1724 3176 3217 3340
10 4324 5666 5731 5955 6153 6538 8567 8608 8785 9041 174 241 527 816 1474 2353
11 2660 4463 4523 4634 6357 6546 6923 6980 8649 8752 9798 9853 463 2331 3755 5529
12 7049 7469 7920 8403 690 872 988 1373 2224 3507 4049 4674 4897 4975 5170 6055 6208
13 6587 7690 8014 8843 9423 9849 381 433 2399 2495 2951 3488 3542 4327 4428 4628 4875
14 7300 7396 7723 8085 8256 8288 8836 9337 9345 9891 165 217 939 1015 1519 1637 1897
15 3076 3901 3942 4847 5237 5492 6977 7153 7737 8006 8972 9934 9979 317 514 758 1838
16 4928 5770 5925 6549 6629 7638 7688 7927 8269 8410 9386 9698 9838 1815 2247 2336 3528
17 4592 4683 4972 5359 5502 6662 7417 7467 7507 8767 9531 9682 9703 1022 1698 1740 3080
18 4386 4566 5134 5212 5382 6232 6983 7119 7784 7909 7917 8370 8439 9219 39 407 470
19 1717 1962 2645 4192 5151 5292 5301 5473 5913 6711 7139 7978 8214 8436 8444 8478 8721
20 9917 99 326 838 1075 1713 2071 2881 3043 5400 5488 7035 7465 7524 8145 8249 8416
21 9597 9695 562 1021 1176 1527 1545 1945 2287 2335 2415 2817 5099 5518 5903 7206 7648
22 580 799 1092 1237 1348 2189 2863 3010 4146 5056 5144 6157 6374 7182 7644 8604 922
23 1695 2537 2885 3298 3336 3522 4066 4079 4260 4694 9959 1116 2465 2982 4257 4529 5161
24 6129 6544 7596 8003 8072 8328 8586 9133 9702 9766 9783 796 1291 2355 2398 2710 2876
25 5388 5828 5947 6805 7075 7525 7628 8421 8510 366 2312 2484 2897 3962 4151 4211 4557
26 5379 6389 7561 8637 9490 529 618 945 1367 1382 1475 4248 6885 6990 8125 8414 9689
27 1037 1424 4945 5396 5784 6171 6351 6696 7214 7812 7864 7926 8107 1261 1501 1755 2272
28 3823 4183 4367 5372 5384 6468 6972 7200 8899 9190 9859 260 752 1007 1693 1709 1710
29 2643 3449 3548 3660 4477 4832 5119 5140 6740 8028 8753 59 93 242 483 1018 1658
30 2482 2551 2874 2911 3104 4576 5232 5246 5619 7169 7356 8236 8747 9256 116 405 852
31 4503 4511 4548 6430 6580 7054 7057 7135 8758 9491 9988 2038 2469 3297 4633 4665 5229
32 5782 6075 6336 7175 7729 9095 9566 1687 1767 2199 3987 4831 5111 6034 6903 7164 9140
33 9696 336 347 759 953 1094 3049 4550 5155 5185 6207 6661 6781 8715 8821 9281 9284
34 437 591 1865 2498 4180 4240 4527 5291 5551 6036 6397 6521 7900 8104 8924 9510 43
35 718 798 1720 3183 3288 3637 3842 4362 5059 5146 6032 6108 6880 8887 558 579 1259
36 2346 4197 4252 4654 4752 5849 5987 6202 6262 7858 8994 9085 9412 200 521 683 685
37 1375 3558 3739 4117 5927 7789 8054 8231 8502 8646 9804 540 1297 2151 2434 2567 3005
38 3560 3850 4233 5116 6614 6773 6863 7231 7581 7586 8725 9170 127 1458 2299 2906 3208
39 3717 3954 5120 5306 5768 6724 6818 6819 7403 7764 8976 9051 556 920 1700 2867 4215
40 6849 7328 9904 295 2522 3450 3592 4143 4422 5341 7443 7965 8308 8632 9413 9436 9534
41 581 916 2306 2396 2821 3334 3354 3496 4341 4896 5318 5611 6287 6660 6682 6975 7122
42 7955 8092 220 1866 3427 3835 4016 4300 4399 4598 4789 6214 6578 7288 8666 8742 8895 9125
43 9969 780 3103 4083 4199 5233 6349 7565 7840 8716 8870 9398 9693 491 1057 1514 1716 1886
44 2321 2924 3705 4620 4824 5688 5992 6252 6642 6669 7629 8036 9522 9938 575 1239 1676 3906
45 6088 7566 7683 9060 846 1642 1672 1681 1923 2102 3365 3545 4149 4153 4305 6461 6701 7808
46 8197 8732 9122 278 633 806 2332 2468 2861 2939 3784 5177 6436 7579 8626 8818 9084 772
47 1461 1655 1849 2540 3237 3829 4698 4948 7219 7979 8285 9023 9753 502 571 1624 3664 3916
48 4223 4748 6303 6675 7377 7547 7639 8977 9245 9265 9666 9726 328 754 1848 1955 2408 2473
49 4993 5625 5919 6196 6408 6426 7193 7400 8192 8693 9277 877 2913 3123 3529 4666 5168 5560
50 6148 7020 7353 7506 9882 565 696 2155 2655 2675 3373 3649 4638 5236 5272 5289 5440 7395
51 8354 8603 8871 9327 9976 33 113 153 987 1588 2011 2051 2620 6595 6822 9564 1302 2462
52 4202 4237 6002 7084 8016 8748 9061 1471 1585 1827 3973 5444 5672 6748 6850 7489 8227 8229
53 9132 986 1492 1830 2098 2581 4642 4826 4845 5002 5106 5810 5964 6704 7274 7835 7879 7994
54 9607 9685 10 283 917 1991 3226 4190 6423 8162 8359 8419 8653 9045 9068 606 1366 1515
55 1887 2479 2752 2935 3518 4555 4778 5847 6492 6567 6855 7036 8045 8784 9067 9100 9736 1
56 932 1062 1630 4193 4230 4270 4404 4685 5967 7133 7567 7932 8196 9087 9473 215 337 1938
57 3559 4498 5593 5735 5799 6365 7397 8063 8302 9544 1987 3789 3861 4458 4552 4720 5325 5547
58 8600 8655 8686 8869 292 3512 4420 4983 5176 5356 5829 6778 7243 7771 8394 213 1769 1882
59 3020 3283 4062 4794 5756 5800 6260 8794 9236 9815 912 2095 3188 3803 3972 4353 4513 5366
60 5855 6791 7189 7372 8118 8248 8425 1432 1726 1730 1802 2611 3064 4438 5420 5901 6132 6189
61 7752 9120 9694 68 724 1603 1614 1741 5122 5230 6044 6553 7442 7555 7755 8170 9618 9958
62 412 418 573 2328 3314 3685 3921 6509 7208 7286 8127 9488 9711 9851 9862 1255 1326 1663
63 3554 4508 5589 6210 6414 7165 7202 7673 9019 9216 559 753 1916 2184 3055 3511 3551 5145
64 6105 6211 6409 7428 7553 7988 8341 322 582 1500 2599 2773 4743 5190 5307 5320 5466 5604
65 8417 8744 9175 9683 2016 2113 2877 3608 5228 6716 7680 7799 7817 8299 8497 8964 9046 9189 105
66 1856 3267 4297 4490 4562 4675 6836 7181 8526 9471 9539 34 492 649 1133 2917 3840 4574 4759
67 6230 6862 8264 237 1934 2406 4141 5474 5479 5624 5806 6432 7268 7416 7476 7654 7782 7873 8720
68 9547 695 794 1895 2243 2936 3385 3451 3668 4415 4732 5487 6008 6605 6752 6794 7115 8296 8932
69 911 1241 1822 1908 2042 2386 2678 2720 3009 3384 3484 3491 3594 4691 5105 5165 5348 5351 6356
70 7863 7934 8098 8232 8289 9059 9439 209 394 1243 2036 4004 5183 5401 5820 5832 6390 6931 7130
71 1747 2388 2490 3189 3482 3814 5000 6997 7311 7907 9152 9348 9999 1138 1453 3040 3536 4113 5053
72 5777 5861 6257 7362 7493 8246 8857 9533 9775 380 1377 1684 1984 2344 3073 3914 4003 4496 4955
73 8941 1014 1342 2607 2737 2771 4154 4943 5102 5503 5520 5865 6144 6382 7805 8171 8279 8462 8573
74 9274 9375 9964 894 906 1233 1288 1459 1946 3249 4101 4447 4485 4802 5166 6821 6829 7168 7807
75 8396 8950 9191 605 2256 3347 3682 4187 4445 4879 5261 6457 6873 6949 7769 8190 8404 8610 2046
76 2804 2970 3130 3701 4669 4968 6640 7394 9870 281 2178 2242 2565 3446 3480 3579 5098 5330 5403
77 6884 7637 7748 7825 8368 8548 8642 8724 9415 9916 109 293 592 1915 2034 2192 2566 4097 4434
78 6542 6555 7047 768 1107 1504 2241 2988 3030 5530 5635 6937 6955 7142 7632 8213 8766 9941 416
79 851 892 1358 2368 2636 3099 3760 4043 4344 5021 5215 6085 6591 6890 8661 9001 9561 108 287
80 1145 1411 1646 1650 1683 1752 2014 4739 4830 5347 7711 7950 9550 9719 64 1479 1677 1794 3156
81 5032 5574 7811 8921 9102 9148 352 856 1975 2606 3810 4584 5563 6195 6283 7289 7698 8024 8569
82 479 1818 2015 2366 2596 3163 4647 4882 5023 5153 5188 5445 5614 6471 6697 6974 8194 8665 9173
83 818 942 1181 1499 1649 1782 2210 2235 2318 2379 3070 4017 4602 5930 7212 7263 7990 9129 9494
84 2307 3703 4451 4904 4979 5373 6904 7653 8067 9560 9570 9583 9605 9863 67 91 1555 2156 2672
85 3272 3795 3893 4182 4330 6143 6488 7545 8378 9008 141 832 930 1406 1846 2561 2665 2699 4285
86 4717 5316 5524 6339 9078 9492 9631 9676 9770 9842 1919 2078 2900 4170 5417 5569 5975 7074 7678
87 8562 8696 9137 9629 75 1205 1573 2135 2722 3236 4780 5074 5213 5376 6511 6613 7877 8987 9144 9306
88 49 133 1246 1276 1589 2286 2407 2664 2860 3632 5118 5753 5923 6708 6919 7682 8009 8530 8876 9418
89 456 607 2751 3165 3612 3625 4760 5086 5223 5592 5886 5980 6925 7641 7703 8143 8852 9029 9899 354
90 1899 3370 3696 4708 7233 7515 9573 9841 9967 315 714 1576 1905 1926 1970 2089 2457 3292 5078 5192
91 5771 7201 7448 7463 7541 226 1197 1199 1595 2474 3349 3841 3960 4767 5173 5184 5749 6306 7556 8571
92 9532 9750 837 1909 2725 2834 2904 3452 4001 4471 5149 5191 6006 6470 7098 7126 7314 7615 7823 7981
93 8568 9438 9764 528 1043 1523 1819 4788 5802 6636 7070 7634 8273 8375 8578 9249 9737 9820 100 1211
94 1889 3164 3382 3442 3897 3932 3971 4249 4316 4793 5540 6780 7479 7576 7999 460 676 740 883 1013
95 1175 1641 3098 6295 6531 6728 6797 7462 7699 8130 8841 186 1147 2186 2384 2998 3513 3945 3965 4800
96 6742 7166 7660 7930 8678 9108 9185 47 874 1582 2878 3509 3905 5163 5979 6686 6806 7023 7027 8240
97 8800 9807 192 1105 1216 2693 3362 4323 5425 6338 6489 6928 7260 7582 8685 8771 8872 8909 9637 3
98 89 667 721 1130 1839 2021 3128 4092 4549 5640 6205 6420 6874 7317 8078 8650 8679 9344 9671 673
99 1435 2369 3026 3124 4108 4293 4355 5010 5125 5857 6064 6406 6810 7483 7511 7743 7756 8525 8980 9460
