500
0 1011 2504 3181 4825 4936
1 6172 6593 8607 8650 8835
2 2089 2953 3406 3954 4221 4370
3 7523 9009 509 2221 4076 4655
4 5731 6317 6527 7168 8281 9389
5 414 855 1021 1033 1768 1906
6 3619 4048 4058 4321 4599 5191
7 5847 6279 6948 7398 9588 9784
8 1857 2068 3171 3357 4000 4867
9 8039 9081 9799 9963 429 2378
10 5377 5646 6757 6971 8165 8219
11 1235 2691 2826 3246 3698 4331
12 5974 9142 664 2631 2912 3143
13 4451 5549 6277 7494 8273 9978
14 549 2035 2743 2886 3440 3492
15 5579 5640 6444 7877 9767 659
16 4059 4806 5016 6422 7322 7768
17 3849 4371 7667 7923 1203 5602
18 7853 8063 8458 9165 9346 1200
19 1418 1687 2258 2567 3778 4452
20 4861 5114 5252 5542 7375 7453
21 7638 8801 9189 9752 9895 419
22 3768 3816 4980 6265 6443 6548
23 7735 9455 9552 2015 2291 4279
24 5404 6703 6858 8633 9128 5551
25 6167 6846 7112 9117 974 1002
26 2230 3471 4217 8737 9981 2502
27 4120 4830 5835 5952 7913 248
28 3844 5453 6629 7129 7999 8011
29 9941 231 1629 4417 4503 4518
30 5570 6704 7010 8626 9220 9536
31 1027 2303 4351 6107 7466 9382
32 500 962 1062 1350 1735 3455
33 5959 6121 6156 7783 9454 9929
34 1318 3369 4827 5290 6751 8397
35 2405 2664 3306 3614 4023 5159
36 8791 9154 87 1732 2620 3085
37 4085 4889 5571 5729 7094 8750
38 222 1416 3057 4142 5299 6493
39 1331 1475 1518 3390 4363 6689
40 1643 2224 4130 5246 6965 7107
41 9860 361 636 1938 2587 4374
42 6158 6864 7724 7990 9413 9634
43 909 1114 2046 6874 7712 7947
44 8779 9108 515 846 3544 4408
45 5618 6816 7427 7887 8992 9651
46 160 923 1844 2287 2356 4634
47 8785 1804 2548 3217 4461 5037
48 7273 8244 9072 348 375 506
49 1899 2487 2588 2765 4163 5378
50 8283 9143 9695 3126 3738 6866
51 8575 9158 204 426 963 2436
52 3480 4550 5722 6220 7900 9204
53 1207 2284 2993 3503 3759 5222
54 7963 9017 9729 9824 191 768
55 3749 6183 6307 7348 7935 8926
56 4205 4318 5486 6245 7002 1108
57 3449 3931 6090 6297 7211 8045
58 8818 464 1592 3459 5499 6312
59 7271 7827 8504 9526 97 2506
60 2851 3182 3247 4064 4251 4460
61 6854 7594 7674 7738 8739 8745
62 266 1659 1951 2492 2514 2989
63 7416 7580 9574 9599 679 3421
64 4090 5279 5371 5382 7493 7897
65 587 1483 2076 2253 2354 3611
66 3868 4038 4383 5093 6395 8318
67 9033 9693 143 263 2780 3248
68 5107 6316 6872 7340 7635 8192
69 8869 9011 9267 9617 50 187
70 5410 6697 8108 8727 9814 3196
71 3890 4339 5624 7298 7763 242
72 3888 4196 4839 5084 6093 7074
73 9402 288 1096 3187 4291 4323
74 5691 6776 7019 7441 7532 8271
75 9472 9590 1532 1684 2044 2779
76 3793 4922 7047 1284 2719 3133
77 3617 3658 4233 5603 9475 9966
78 2637 2727 3019 3517 4153 4187
79 4656 5073 5336 6557 7174 7810
80 9095 1520 1836 2250 3570 3906
81 7927 8334 8619 9161 9715 9949
82 1312 1392 2836 3301 6120 7412
83 9974 228 280 827 2845 7784
84 8796 9987 1239 1268 2835 4158
85 4593 4976 5516 5765 6314 7376
86 8038 8059 8553 8584 392 416
87 1716 1725 1895 2861 3556 4122
88 4872 6165 6169 6553 8567 9203
89 9996 230 1015 3978 5701 6439
90 1362 2379 2385 4380 8703 635
91 2714 3769 3951 6273 8347 9334
92 315 1435 1926 6682 8178 386
93 998 1703 3387 5425 7140 7144
94 7661 7840 8096 9459 763 2330
95 4895 5723 6345 7311 7510 0
96 1701 2636 2695 5249 5452 6713
97 7417 562 806 1115 1537 1545
98 2314 3310 3478 3980 5568 7286
99 7588 8215 572 2069 3198 3548
100 3995 4275 5204 5518 8166 8654
101 9797 491 2061 4998 6319 9053
102 1326 2622 4061 4115 4918 7345
103 1294 1827 2086 5130 5139 5357
104 8322 8404 8424 8665 8872 9280
105 317 2154 3131 3628 5013 5059
106 5757 6066 6097 7229 7357 1630
107 2941 4030 5460 5937 6299 8625
108 1269 2435 2843 3917 6826 9092
109 9458 807 913 3112 4747 4850
110 5878 6684 6972 8034 9620 1068
111 2849 3618 3780 4794 5938 7838
112 1502 1519 7540 8984 9373 1022
113 1549 4200 6382 7468 9363 9890
114 3667 3851 6304 7818 7823 8426
115 8682 2124 3274 3947 4594 5046
116 6419 6823 7824 8016 8099 9827
117 2276 3294 3892 5056 6612 7603
118 9774 9910 579 1135 1388 4927
119 5380 7430 119 445 568 2935
120 5598 6252 6396 6475 8664 9437
121 9913 1399 1420 2261 4427 5081
122 7368 7832 844 1189 1783 2300
123 4810 5036 6517 8777 2040 2172
124 3867 4113 6755 6813 8399 8760
125 2457 2751 2959 3315 5011 5753
126 7236 7589 8774 8913 335 2772
127 5021 6533 8080 8909 9326 9365
128 383 1403 2472 3598 7297 8035
129 8972 2200 2814 3746 3971 5681
130 7559 741 2528 4290 4394 6597
131 7958 8875 9170 1558 3523 4653
132 8472 9762 9882 1202 3300 3744
133 5575 6788 7942 1474 2083 8757
134 498 801 2769 4447 4683 4738
135 5123 6563 6828 9210 9447 9546
136 3800 5473 6572 7555 9983 975
137 2694 3829 4355 4553 4800 4996
138 6868 6887 8642 9134 582 740
139 4138 5613 5725 6004 6969 8010
140 8240 8731 9782 632 2042 4713
141 6159 8199 8550 85 1663 1727
142 2748 3000 4186 4829 5760 6371
143 7011 7157 9779 9817 62 3062
144 6339 8717 5931 7232 7255 7339
145 9131 9250 1006 1575 3448 5498
146 9221 9258 897 1158 1976 2296
147 2477 4229 6284 9082 1729 2754
148 4721 5675 7190 7546 797 1450
149 3734 3765 3933 4181 4273 4700
150 5711 7181 2312 2830 4250 6132
151 7774 1322 1404 2641 2819 4956
152 8802 224 1693 2402 2980 4769
153 899 2684 3546 3654 3826 7891
154 743 1603 1883 1902 4050 4630
155 6012 6072 7305 7492 8669 9157
156 9856 680 1913 5733 7497 7543
157 8479 9863 1673 1816 2919 3472
158 7424 8213 8274 8873 9118 9214
159 1099 1316 2364 3711 4248 6719
160 7915 9105 9429 3218 3295 4088
161 7462 7676 7687 8120 9434 181
162 1382 2332 5944 9597 68 403
163 4395 4964 5540 6108 7718 9714
164 5590 6457 6723 8076 8201 754
165 994 1733 1862 2625 3039 3473
166 5173 5886 5963 6929 7175 9450
167 9905 1820 3632 3676 4185 4315
168 4476 4869 5427 5994 6027 8186
169 294 1214 2841 2931 3692 4465
170 5705 6002 6442 6542 7248 7265
171 982 1967 2048 2272 2408 5057
172 9747 407 2241 2482 2609 2720
173 4685 5137 5927 6529 6601 7685
174 8047 8542 9477 9550 706 1078
175 5058 5314 5919 6379 6411 9514
176 98 902 2686 2775 3730 4017
177 6243 6253 7051 8641 9785 9919
178 1278 1620 2338 2821 3258 3442
179 3815 3899 4165 7317 9967 144
180 841 1012 2122 2243 3881 8394
181 9644 331 845 1854 3224 4422
182 6111 6372 6700 6796 8276 8469
183 3139 3185 4255 5971 8943 95
184 2530 2950 3324 3627 3760 3874
185 8020 9473 9935 1671 2671 3483
186 6017 7625 7793 8291 8767 8846
187 2081 2899 2948 3854 4543 4751
188 6657 7089 7303 8226 209 1245
189 2455 3228 3973 6562 7196 7760
190 3037 4161 5165 6227 8330 9234
191 36 370 1298 1321 1712 1886
192 5414 6006 6740 6763 7764 7908
193 2311 2688 3090 4387 5392 7223
194 9058 9329 9672 409 459 483
195 5213 6761 6806 7803 8691 8808
196 848 1991 2934 4111 4446 9670
197 1582 3589 5047 5464 7346 7381
198 9022 9136 9242 316 544 1266
199 2370 2572 4952 5672 6342 7450
200 9508 940 1825 2582 4388 4947
201 6068 7644 8819 9018 9773 1102
202 2521 2667 3912 5148 537 1688
203 4204 4247 4495 5892 2547 6878
204 1211 1909 2561 2575 3041 3194 3645
205 5535 6037 6064 6366 8398 8648 9035
206 189 1357 1468 1553 2331 3346 3902
207 1008 2065 2217 2541 2853 3788 3911
208 4754 5291 5327 5447 6845 7201 9792
209 2130 3660 3940 4018 4673 4725 5667
210 5844 7865 9243 1313 1635 4681 5289
211 7502 9251 197 401 1194 3179 4032
212 5298 6031 6822 7648 8559 161 4724
213 5236 5476 6182 6249 7150 7945 8328
214 653 711 1291 2213 3068 3592 3938
215 7528 8321 645 864 1677 2386 6535
216 7723 9240 12 814 4270 6432 8675
217 2646 2656 3287 3861 4538 5325 5750
218 7102 8979 1131 1547 1676 2056 3264
219 5398 6106 6335 7741 9225 9288 9482
220 852 1689 1771 1811 2560 4987 7642
221 8974 1302 2921 3206 3221 3367 3794
222 8917 423 2075 3928 4982 5851 7359
223 995 1054 4008 4195 5694 6023 8006
224 8510 8740 775 1949 4563 5854 6856
225 8485 8707 9694 911 1386 1863 2967
226 6288 6455 9360 1254 1530 1568 2181
227 7058 7218 7518 8208 2279 2525 5495
228 5051 5881 7825 8280 180 1076 1493
229 3332 5627 5707 6536 6590 8 1517
230 3067 3467 4425 4479 4595 4877 5281
231 6835 7052 7587 7750 277 327 2479
232 5791 6804 7315 7612 7953 8769 750
233 1196 1594 2494 2606 2829 2880 4911
234 6361 9229 9417 179 803 1897 2317
235 4322 7863 9127 9415 344 764 1324
236 1559 3011 4124 4477 4650 5634 1777
237 3693 4006 4620 5158 5819 6471 8576
238 9084 1069 1333 2170 2461 2848 2952
239 4103 4332 4846 6138 6164 7016 7837
240 2268 2523 2672 4146 5039 6450 7701
241 3695 5328 8194 173 849 5550 6420
242 7734 8175 9209 692 2585 3595 4410
243 5424 6708 6832 9727 9899 696 924
244 4631 6791 7711 8437 8525 9504 9724
245 821 1146 3132 3283 3289 4657 5965
246 8521 8704 8792 1244 1462 1818 2216
247 3378 3952 4041 4298 4981 7103 8127
248 8915 147 561 2082 2602 2824 5686
249 7081 7214 8354 8955 9150 9339 9766
250 493 4215 4611 4617 5641 7414 9100
251 1513 5008 5820 7957 8138 1458 4052
252 6091 6152 6930 8422 9748 216 351
253 2045 3773 3953 4759 5394 5493 5972
254 7015 7343 1599 2357 2614 2742 3536
255 5665 6255 7139 7520 8645 9257 9318
256 779 1709 4758 5032 5235 5586 7114
257 9630 9864 1057 2581 2839 4166 5617
258 6318 556 1527 4601 5220 6080 7028
259 318 853 1497 1618 1766 2593 3279
260 4578 5591 5614 5805 7440 7937 8164
261 4545 7873 8868 49 563 1529 2571
262 2862 4555 4772 4792 5282 5776 6235
263 8527 9790 2665 2815 3809 6824 1921
264 4968 5684 6278 9998 1163 1432 3534
265 6927 6943 7021 8216 9103 9246 1882
266 3484 4292 5332 6185 6646 6746 7503
267 918 1201 1438 2642 4472 5227 6430
268 7578 7654 8768 9307 669 938 1525
269 6096 7785 7801 8184 9201 905 1279
270 3600 4067 4849 5778 5853 9980 70
271 4874 5001 5221 7529 8577 8963 9542
272 9937 236 3682 4073 5100 7245 7382
273 9686 1467 2535 4969 5025 6707 6882
274 657 907 3302 3424 4694 5000 5932
275 7334 7394 9038 9394 9484 334 920
276 2658 2789 3026 3514 4644 7098 9502
277 2210 2484 3372 4304 4826 5469 7295
278 229 942 3389 4235 4576 5513 7700
279 8032 8382 9386 2425 2918 4483 7091
280 337 3373 3419 4466 7194 8288 9673
281 472 4675 4676 6649 7128 7959 8657
282 1526 1990 2832 2869 3587 3887 4512
283 5256 5297 5439 5487 9776 350 832
284 1726 1759 2347 2450 2928 7817 8311
285 9857 957 3626 3838 3968 4445 6394
286 6663 6781 7231 7916 9422 9796 859
287 2901 4608 4789 5955 6505 7420 8606
288 1494 3162 4405 5146 5717 6488 6764
289 9287 9556 9769 9851 460 831 1551
290 3136 5306 6782 7113 8143 8825 9902
291 3027 3774 4818 8436 9328 9503 1998
292 3223 3791 3921 4663 4992 5092 6690
293 7428 9104 275 314 1168 2091 2905
294 3542 4014 5990 8255 8596 470 2977
295 7595 8393 9441 312 869 1018 3161
296 6199 6350 7070 7388 8018 1166 2092
297 4114 4424 5991 6206 6506 6665 6951
298 8050 8627 9585 9859 4598 4613 4621
299 6483 6577 8161 440 458 1349 1968
300 7274 9909 333 543 890 1094 1983
301 4194 4328 6876 6890 9331 213 3321
302 3859 4542 7017 8432 8629 9705 9934
303 1887 3930 5128 6246 6976 7620 8229
304 146 1485 1597 1626 3192 3640 4734
305 5420 6626 7403 9554 9568 9948 1636
306 2756 2850 5532 5900 6118 6259 7726
307 8374 959 2678 3462 6378 7505 7812
308 8962 9002 9321 9488 442 2316 2755
309 3170 3177 4293 5940 6009 6309 9525
310 384 888 903 1662 3197 3333 3438
311 8772 9123 9760 1384 1692 3401 3985
312 4392 5284 6995 8241 194 245 536
313 1437 1511 1591 2054 2108 2359 3622
314 5196 7358 7690 7876 8764 8944 473
315 4638 5573 5588 5653 7778 7890 8094
316 8845 8901 9810 9853 906 2459 3031
317 3615 4438 4448 4560 5144 5970 7421
318 3450 3934 4016 5087 6157 6179 6679
319 4125 4406 4904 5376 5832 6426 7446
320 7464 7619 8253 9999 1431 2348 3828
321 4140 4149 4637 5822 6431 6433 7152
322 339 433 484 694 1890 3475 3527
323 3848 5202 6628 7352 7714 8088 682
324 2067 3712 6573 9232 785 2281 2995
325 4955 5273 5683 7804 92 1188 1748
326 4225 5091 5712 6546 6901 6987 7246
327 9297 800 972 1280 3175 3608 4568
328 4782 4814 5608 7158 7171 7531 2328
329 3091 3420 3573 3860 5066 5226 5754
330 8444 9378 21 799 1410 1861 2094
331 5354 6268 6435 7592 387 693 894
332 4305 4781 5475 5958 5968 6384 8190
333 9076 109 576 1338 2090 2517 4118
334 5197 5792 7186 7976 8517 9457 879
335 1760 2126 2153 3191 3796 3896 3939
336 4703 5243 8024 8903 27 1755 2157
337 4303 5205 6383 6568 7189 8781 8902
338 15 922 1029 1621 2374 6294 9595
339 3688 3920 8315 8721 38 608 611 749
340 3216 3850 4042 4426 5353 7330 8615 614
341 3014 5403 5426 7535 1604 4768 4892 5812
342 6033 7623 4167 4329 4381 4722 5967 6660
343 8560 9196 265 418 578 1660 1823 1936
344 4471 5170 6446 8381 48 91 615 1128
345 3908 3927 4101 5363 5720 5806 7660 9629
346 1230 6276 7118 7404 9870 292 1161 1894
347 3929 5463 8459 8678 1723 5261 6857 6912
348 9184 9399 877 1563 2460 4910 5231 5537
349 7907 8100 9914 1801 2245 2724 3512 4440
350 5136 5999 6775 7301 7986 8603 8971 619
351 4489 5305 5312 9410 3271 3558 4646 5017
352 6926 7022 7743 8886 9016 198 306 746
353 1376 4688 5745 8536 9553 9880 5049 7727
354 342 1372 1837 2632 3272 3436 3500 4498
355 7111 9614 599 2469 2971 3298 4696 5924
356 7655 7926 8101 9366 596 1409 3361 3412
357 5012 5455 5960 6081 6275 6474 8264 8409
358 1171 3518 3891 4131 4207 4853 6209 6328
359 7628 461 2997 4075 4473 6606 6720 6985
360 9093 573 1258 3034 4062 4137 4588 5577
361 6510 1082 1198 2257 2777 5346 5422 8509
362 9110 9596 9622 570 2009 2854 4412 7816
363 8513 9155 9660 57 421 947 2174 3030
364 3974 5337 6194 6837 7046 7402 8778 9049
365 586 595 612 1217 1576 2163 5315 5697
366 8152 8563 8866 8897 9456 364 428 688
367 2984 3955 4097 4516 5174 7104 7797 7878
368 2497 3413 6127 8128 8222 9121 2451 2766
369 4740 4876 5619 5941 6210 6678 8865 623
370 1516 1681 1891 2663 4533 4582 5988 9358
371 185 1927 6638 6886 7581 7730 7966 8786
372 747 1965 3063 3643 6016 8697 8940 9492
373 2687 3382 3402 4718 5176 6569 7901 481
374 2024 4330 4587 4682 5837 6508 6769 7562
375 8064 1005 2034 2619 2996 4183 6501 7106
376 196 1109 1170 2145 2259 3201 4046 6504
377 8380 9663 1989 2394 7122 8435 9322 9768
378 1283 1718 3124 3296 3439 3625 4885 6368
379 7794 7870 8821 9166 539 2167 4105 8921
380 631 1616 1767 1885 2488 3785 5395 5914
381 1875 2280 3857 3957 5741 5761 6574 7941
382 589 1600 1973 2289 3959 5203 8490 9452
383 305 522 2942 4711 6624 7283 8079 8446
384 9390 9924 2267 5184 7195 7909 8608 9074
385 996 1210 3094 5563 5625 6749 6944 6950
386 7277 8952 1127 1634 2078 4265 4609 4833
387 6349 6602 6852 7757 8112 54 781 1275
388 6202 8000 8246 8457 8590 9068 9401 9439
389 9900 1285 1669 1977 2419 5506 6552 6571
390 9641 9875 298 2021 2441 3649 4899 5574
391 5774 7003 7134 7332 8305 8449 422 4262
392 7062 8356 9833 594 1184 2197 2831 5650
393 35 2033 2940 3010 3123 4618 5135 5561
394 7680 7931 8249 8475 9763 3138 4994 5070
395 5727 7401 7455 9006 1433 1447 1946 2059
396 3502 3822 4708 6052 6242 8158 8454 3065
397 4605 6803 7145 7649 7697 9019 9680 492
398 4535 4715 8066 8395 8749 9718 9951 240
399 2049 3782 4764 8602 9054 9126 2023 2152
400 2536 4436 5559 7717 8746 1612 1743 2084
401 3293 3719 5510 6036 6579 6917 2219 2228
402 3418 5255 5361 7100 7166 8407 8771 9310
403 1487 1764 3040 4726 5010 5652 7031 7658
404 8638 8720 9419 641 3142 3565 3983 4072
405 5527 6207 9420 9 289 1440 3071 4678
406 6231 6706 6733 93 2738 2881 3551 3960
407 4301 4753 7215 8123 8272 8438 723 1482
408 2786 5682 6522 8372 8730 8860 9639 9812
409 547 2131 4767 5706 5852 7461 661 1347
410 2515 3616 6397 8884 3511 4654 6078 6085
411 8289 8725 1514 2207 3388 3735 5022 7125
412 7940 7973 8483 9078 9375 9530 2132 2282
413 2605 3846 4144 5076 5089 6908 8082 8368
414 9156 346 3239 4485 5554 5935 8951 9284
415 9823 16 29 533 1172 1925 3277 5789
416 2242 2715 2852 3150 3396 3977 4136 4384
417 6609 6658 7242 8616 282 1486 2119 2785
418 3340 5195 5480 6357 6988 7043 7573 7809
419 9300 9486 1803 2388 6956 8443 436 520
420 1398 1590 1753 2249 4665 6848 7522 8075
421 2896 2916 3526 3709 4019 5850 6589 6900
422 1143 2638 2722 2778 4750 5601 9923 1490
423 3501 4891 5918 7319 8046 8132 8595 9237
424 588 1237 2936 3866 4474 5168 6480 7903
425 9024 9423 9479 9643 9675 2290 2838 3169
426 3979 4716 4735 5945 6117 6146 6688 8416
427 8718 8890 1187 2500 2801 3189 3922 3972
428 4808 5633 7328 886 1088 1838 2430 2957
429 6879 6957 7943 9916 1407 2399 2420 5491 7383
430 9171 9446 9610 9658 4 453 1001 1023 1251
431 3430 4652 4659 7020 8187 8359 226 1453 4496
432 5344 6556 7830 9308 86 106 479 856 4732
433 5882 6642 7544 7567 7729 9679 142 381 672
434 2178 2981 4552 4838 4897 5986 6596 7609 7866
435 8232 8689 8993 9333 9466 241 2397 3855 4942
436 6558 7130 9020 9665 313 338 728 1224 1617
437 1853 2840 3341 4585 5075 5157 6340 7469 7917
438 9266 1653 2297 5350 5809 7184 7384 7514 8647
439 363 1648 2007 2220 3130 3385 3668 4268 5419
440 2706 3252 4492 4887 8557 9102 9570 1896 2110
441 6289 7025 8544 8950 9403 9828 158 1652 2955
442 4484 5262 6654 7982 8996 9562 2151 2301 4360
443 7627 7748 8635 1814 3076 3392 7731 9052 9408
444 5287 5680 6353 6830 8323 8637 262 885 1309
445 1815 1915 2196 2252 2710 3211 3353 3919 4082
446 4648 6267 7066 8415 156 1654 3193 3767 4182
447 8501 8561 74 892 1698 1720 4386 4623 5399
448 6714 8440 371 3029 4421 4854 4991 5699 5903
449 8202 8481 967 2770 5987 6620 6885 8565 8820
450 9245 9393 9975 40 1639 2099 2531 3338 3674
451 4632 5183 5450 5766 6056 6742 7850 9340 773
452 6524 7208 7224 8945 9028 9193 629 1573 1655
453 3212 3335 3516 3644 5472 5786 6128 6902 7307
454 8303 471 1270 5606 7014 8857 9567 129 186
455 530 2860 3118 3522 4278 5127 7408 9274 9388
456 9708 258 1053 1751 2701 2913 4908 6171 7445
457 60 449 584 984 2478 4152 6402 6632 6637
458 9263 2135 3299 3701 5739 5763 5936 6818 7539
459 1014 1063 2874 4116 4197 4564 5648 5779 6003
460 6585 7470 7611 8324 9207 9231 2138 3737 4736
461 8617 9277 360 1111 1342 4128 5115 6224 6760
462 9320 1190 1236 1830 2734 4590 4706 5319 7471
463 341 1165 1419 2507 2669 3078 5830 6263 6793
464 9153 9438 9801 127 7241 7800 8141 8299 8326
465 9180 992 1104 2166 2501 2998 3404 3410 3992
466 9915 64 2586 3739 4900 5324 6256 6287 7666
467 9700 9973 766 1193 2041 3577 3725 4098 5179
468 8057 8447 9587 9813 968 2573 2623 3444 4480
469 7918 7995 8667 8850 8975 20 1706 2235 4456
470 6792 6841 8173 389 1954 3280 4022 5811 7761
471 8976 8983 8999 17 357 620 3764 4121 7257
472 7360 7640 7839 7869 9577 162 1893 2102 3399
473 4547 5238 5310 6904 7281 7576 8547 8755 9125
474 73 2443 3733 4390 7299 7571 7776 8631 634
475 5225 8153 9396 9738 9954 811 1093 1182 1308
476 1637 1694 2551 2914 4155 4396 4690 4821 5140
477 7814 8505 8929 8957 9119 919 958 1136 2566
478 6329 8898 9781 396 2594 6877 7650 63 3358
479 4190 7914 2337 2564 3803 3862 3886 4001 5169
480 5856 6386 7557 9557 452 990 2629 3620 4852
481 5842 7645 8002 8098 8941 9061 9148 9537 710
482 2655 3435 3564 4074 4353 4817 6709 7844 8839
483 1286 1708 1715 1988 4109 5116 6135 9226 201
484 1995 3741 8159 8879 9168 193 5431 5814 6266
485 6513 6644 6710 7035 7924 9547 1994 2118 2169
486 2406 4883 5372 5781 7148 7235 7495 7614 9541
487 3033 3443 4443 6114 6994 7268 7300 7490 7836
488 8744 9298 9847 9849 1017 2208 2908 4419 4934
489 8357 9653 9691 9960 80 2508 2930 2987 4500
490 4790 4851 6531 7996 621 4615 7583 8262 1817
491 5229 5524 6221 8620 9051 980 3583 3671 3852
492 6647 7032 7237 8083 26 2628 4770 9674 1274
493 2329 2510 2776 2816 3069 5556 6595 7119 1320
494 3152 3394 3407 4935 5276 5544 6325 6655 6821
495 8349 9945 430 772 840 2428 2453 4704 7884
496 8492 2973 8351 542 704 2380 4177 5626 6005 7308
497 9517 581 1257 1577 2043 2421 3075 3461 3903 4174
498 5308 7792 8147 9956 125 1070 1456 1872 2148 2675
499 5749 5953 6205 7591 9743 9972 2434 3574 5485 6614
